# Created by create_gmm.py, IMP.isd version 2.23.0
# data_fn: cohesin3_dockerin.mrc
# ncenters: 15
# covar_type: 'full'
# apix: 1.0
# num_samples: 1000000
# num_iter: 100000
# threshold: 0.005
# force_radii: -1.0
# force_weight: -1.0
# force_weight_frac: False
# use_dirichlet: False
# multiply_by_mass: False
# chain: None
#|num|weight|mean|covariance matrix|
|0|0.051194211904748495|235.7596419532927 218.5435185847663 226.18909729170954|38.46814735110388 7.0118073765284725 6.293744161434806 7.011807376528469 45.588063608363825 3.438803347691917 6.293744161434805 3.438803347691917 20.09136019739038|
|1|0.05781006939762512|253.93433310464727 198.26839416795718 256.4463955758065|31.82605818063348 5.43498353602855 0.8169386381246042 5.434983536028552 31.47718491013898 -3.8753493088746227 0.8169386381246042 -3.875349308874622 28.366824523213662|
|2|0.08121623187978094|256.7031567278064 209.10926036719957 236.1751535166149|37.488514860961345 -4.013847965665581 4.6490025238323724 -4.013847965665578 35.16246745969889 -7.451023695894024 4.649002523832371 -7.451023695894023 33.92878735854876|
|3|0.07051504677371606|239.0568672562026 193.55464551903052 238.16921558302494|36.795600974629984 -11.370444872318945 -3.6541110742458365 -11.370444872318942 33.60127381379928 -1.806536578601488 -3.654111074245837 -1.8065365786014893 31.399436713463167|
|4|0.07826176246733833|239.91430620416097 209.74232070154522 239.4763428606171|31.91296736734355 5.209498902997511 2.963291416607663 5.209498902997511 37.8122420450496 1.716093905601804 2.9632914166076603 1.716093905601804 29.62757508177845|
|5|0.0757839285256462|251.9400688548266 213.34132771743984 250.28904576865034|35.3972654744334 -1.3830668420074592 4.687420292739066 -1.3830668420074592 33.45481439264188 -6.4038428373903855 4.687420292739068 -6.4038428373903855 31.127017363101416|
|6|0.0629857474170617|249.13733727376285 224.18053810418002 236.0115147163755|39.74703580799718 -4.923874395855805 7.7445992076020875 -4.923874395855805 36.50924222802922 -6.733502023721714 7.7445992076020875 -6.733502023721714 34.68724742810413|
|7|0.06295579897425642|247.66619493789392 185.3750674858777 249.6522188569516|36.442038391673734 -6.0882696287358815 2.3378272146943964 -6.0882696287358815 22.33857173527162 1.379121530926675 2.337827214694399 1.3791215309266756 40.628001182741826|
|8|0.05420256533284726|261.4881356234474 186.8791093585395 256.54948829291965|31.085696814584498 14.161088001840119 -1.5455398776961933 14.161088001840122 33.213427503425166 -1.451467082303259 -1.5455398776961937 -1.4514670823032587 32.95153765733376|
|9|0.09158301474566674|256.23030991579947 194.98868150931227 240.95079880410452|35.858726098071855 -0.3422857711386307 3.6285821851840447 -0.3422857711386307 35.40944703078072 -2.6405136496184256 3.628582185184044 -2.640513649618425 35.732222164560866|
|10|0.06357503607582055|245.65539460864 202.50628623306238 227.76253249033635|31.817603402226794 -0.8695660972126689 16.105112555973754 -0.8695660972126689 44.1419994393132 -4.178624223778282 16.105112555973754 -4.178624223778282 37.85384627599352|
|11|0.07203633821299181|243.05908606387783 200.8509476326466 250.13732386383478|27.731064308748017 0.9769568589636889 -1.0489181465104136 0.9769568589636889 33.23020844960531 4.077181300405115 -1.048918146510415 4.077181300405114 32.57294940844621|
|12|0.05819972194568628|263.8583786612432 221.09780114714036 244.28642686457184|29.775716555299248 -12.77437852172276 5.766464784933184 -12.774378521722758 32.92303587899911 -9.503693871492786 5.766464784933187 -9.50369387149279 42.06029676688141|
|13|0.05581920760360557|230.52342246265246 202.66041499784484 225.15617931829263|32.74791774582103 -8.62398188639552 -5.208625965555767 -8.62398188639552 37.02187768323617 -0.0700283539977864 -5.2086259655557665 -0.07002835399778551 29.393667763168764|
|14|0.06386131874320847|266.414857362051 204.5228425372519 250.17227642352648|20.235542972565206 -1.7609039522762389 -3.208357326522642 -1.7609039522762389 48.478461473714624 1.5722649152771737 -3.2083573265226417 1.572264915277174 41.267433351377434|
